ASTAR: Stopping Powers and Range Tables for Alpha Particles

CARBON (amorphous, density 2.0 g/cm3)                                   

Kinetic   Electron. Nuclear   Total     
Energy    Stp. Pow. Stp. Pow. Stp. Pow. 
MeV       MeV cm2/g MeV cm2/g MeV cm2/g 

1.000E-03 1.906E+02 1.557E+02 3.463E+02 
1.500E-03 2.256E+02 1.441E+02 3.697E+02 
2.000E-03 2.543E+02 1.340E+02 3.882E+02 
2.500E-03 2.790E+02 1.253E+02 4.043E+02 
3.000E-03 3.009E+02 1.179E+02 4.188E+02 
4.000E-03 3.392E+02 1.058E+02 4.449E+02 
5.000E-03 3.721E+02 9.627E+01 4.684E+02 
6.000E-03 4.014E+02 8.860E+01 4.900E+02 
7.000E-03 4.279E+02 8.223E+01 5.102E+02 
8.000E-03 4.523E+02 7.685E+01 5.292E+02 
9.000E-03 4.750E+02 7.224E+01 5.472E+02 
1.000E-02 4.962E+02 6.822E+01 5.644E+02 
1.250E-02 5.443E+02 6.012E+01 6.044E+02 
1.500E-02 5.869E+02 5.395E+01 6.409E+02 
1.750E-02 6.255E+02 4.907E+01 6.746E+02 
2.000E-02 6.610E+02 4.509E+01 7.061E+02 
2.250E-02 6.938E+02 4.178E+01 7.356E+02 
2.500E-02 7.246E+02 3.897E+01 7.635E+02 
2.750E-02 7.535E+02 3.656E+01 7.900E+02 
3.000E-02 7.808E+02 3.446E+01 8.153E+02 
3.500E-02 8.315E+02 3.098E+01 8.625E+02 
4.000E-02 8.779E+02 2.820E+01 9.061E+02 
4.500E-02 9.208E+02 2.592E+01 9.467E+02 
5.000E-02 9.606E+02 2.402E+01 9.847E+02 
5.500E-02 9.980E+02 2.240E+01 1.020E+03 
6.000E-02 1.033E+03 2.101E+01 1.054E+03 
6.500E-02 1.066E+03 1.979E+01 1.086E+03 
7.000E-02 1.098E+03 1.872E+01 1.117E+03 
7.500E-02 1.128E+03 1.778E+01 1.146E+03 
8.000E-02 1.156E+03 1.693E+01 1.173E+03 
8.500E-02 1.184E+03 1.616E+01 1.200E+03 
9.000E-02 1.210E+03 1.547E+01 1.225E+03 
9.500E-02 1.235E+03 1.484E+01 1.250E+03 
1.000E-01 1.259E+03 1.427E+01 1.273E+03 
1.250E-01 1.366E+03 1.199E+01 1.378E+03 
1.500E-01 1.455E+03 1.038E+01 1.466E+03 
1.750E-01 1.531E+03 9.183E+00 1.540E+03 
2.000E-01 1.595E+03 8.249E+00 1.604E+03 
2.250E-01 1.650E+03 7.500E+00 1.658E+03 
2.500E-01 1.698E+03 6.885E+00 1.704E+03 
2.750E-01 1.738E+03 6.370E+00 1.744E+03 
3.000E-01 1.772E+03 5.931E+00 1.778E+03 
3.500E-01 1.825E+03 5.224E+00 1.831E+03 
4.000E-01 1.862E+03 4.677E+00 1.867E+03 
4.500E-01 1.886E+03 4.241E+00 1.891E+03 
5.000E-01 1.900E+03 3.884E+00 1.904E+03 
5.500E-01 1.906E+03 3.585E+00 1.910E+03 
6.000E-01 1.906E+03 3.333E+00 1.910E+03 
6.500E-01 1.901E+03 3.115E+00 1.904E+03 
7.000E-01 1.892E+03 2.926E+00 1.895E+03 
7.500E-01 1.880E+03 2.760E+00 1.883E+03 
8.000E-01 1.866E+03 2.613E+00 1.869E+03 
8.500E-01 1.850E+03 2.482E+00 1.853E+03 
9.000E-01 1.833E+03 2.364E+00 1.835E+03 
9.500E-01 1.814E+03 2.258E+00 1.816E+03 
1.000E+00 1.795E+03 2.161E+00 1.797E+03 
1.250E+00 1.684E+03 1.785E+00 1.686E+03 
1.500E+00 1.571E+03 1.526E+00 1.573E+03 
1.750E+00 1.466E+03 1.335E+00 1.468E+03 
2.000E+00 1.372E+03 1.189E+00 1.373E+03 
2.250E+00 1.288E+03 1.073E+00 1.289E+03 
2.500E+00 1.213E+03 9.793E-01 1.214E+03 
2.750E+00 1.145E+03 9.011E-01 1.146E+03 
3.000E+00 1.085E+03 8.350E-01 1.086E+03 
3.500E+00 9.819E+02 7.294E-01 9.826E+02 
4.000E+00 8.982E+02 6.486E-01 8.989E+02 
4.500E+00 8.296E+02 5.846E-01 8.302E+02 
5.000E+00 7.720E+02 5.327E-01 7.726E+02 
5.500E+00 7.229E+02 4.896E-01 7.234E+02 
6.000E+00 6.804E+02 4.532E-01 6.809E+02 
6.500E+00 6.431E+02 4.221E-01 6.435E+02 
7.000E+00 6.102E+02 3.952E-01 6.106E+02 
7.500E+00 5.808E+02 3.716E-01 5.812E+02 
8.000E+00 5.544E+02 3.509E-01 5.548E+02 
8.500E+00 5.306E+02 3.324E-01 5.309E+02 
9.000E+00 5.090E+02 3.158E-01 5.093E+02 
9.500E+00 4.892E+02 3.009E-01 4.895E+02 
1.000E+01 4.712E+02 2.874E-01 4.715E+02 
1.250E+01 3.992E+02 2.352E-01 3.994E+02 
1.500E+01 3.478E+02 1.996E-01 3.480E+02 
1.750E+01 3.091E+02 1.736E-01 3.092E+02 
2.000E+01 2.788E+02 1.538E-01 2.789E+02 
2.500E+01 2.342E+02 1.255E-01 2.343E+02 
2.750E+01 2.172E+02 1.150E-01 2.173E+02 
3.000E+01 2.028E+02 1.062E-01 2.029E+02 
3.500E+01 1.794E+02 9.217E-02 1.795E+02 
4.000E+01 1.612E+02 8.149E-02 1.613E+02 
4.500E+01 1.467E+02 7.307E-02 1.468E+02 
5.000E+01 1.348E+02 6.626E-02 1.348E+02 
5.500E+01 1.248E+02 6.062E-02 1.249E+02 
6.000E+01 1.163E+02 5.588E-02 1.164E+02 
6.500E+01 1.090E+02 5.184E-02 1.091E+02 
7.000E+01 1.027E+02 4.836E-02 1.027E+02 
7.500E+01 9.709E+01 4.533E-02 9.714E+01 
8.000E+01 9.214E+01 4.266E-02 9.218E+01 
8.500E+01 8.772E+01 4.030E-02 8.776E+01 
9.000E+01 8.375E+01 3.818E-02 8.379E+01 
9.500E+01 8.016E+01 3.628E-02 8.019E+01 
1.000E+02 7.690E+01 3.455E-02 7.693E+01 
1.250E+02 6.420E+01 2.792E-02 6.423E+01 
1.500E+02 5.543E+01 2.344E-02 5.545E+01 
1.750E+02 4.899E+01 2.020E-02 4.901E+01 
2.000E+02 4.406E+01 1.776E-02 4.407E+01 
2.250E+02 4.014E+01 1.585E-02 4.016E+01 
2.500E+02 3.696E+01 1.431E-02 3.697E+01 
2.750E+02 3.432E+01 1.304E-02 3.433E+01 
3.000E+02 3.209E+01 1.198E-02 3.210E+01 
3.500E+02 2.853E+01 1.029E-02 2.854E+01 
4.000E+02 2.581E+01 9.027E-03 2.582E+01 
4.500E+02 2.367E+01 8.043E-03 2.367E+01 
5.000E+02 2.193E+01 7.251E-03 2.193E+01 
5.500E+02 2.049E+01 6.598E-03 2.050E+01 
6.000E+02 1.928E+01 6.049E-03 1.929E+01 
6.500E+02 1.825E+01 5.585E-03 1.826E+01 
7.000E+02 1.736E+01 5.189E-03 1.737E+01 
7.500E+02 1.659E+01 4.847E-03 1.659E+01 
8.000E+02 1.590E+01 4.548E-03 1.591E+01 
8.500E+02 1.530E+01 4.282E-03 1.530E+01 
9.000E+02 1.476E+01 4.046E-03 1.477E+01 
9.500E+02 1.428E+01 3.834E-03 1.428E+01 
1.000E+03 1.384E+01 3.643E-03 1.384E+01 

