PSTAR: Stopping Powers and Range Tables for Protons

CARBON (amorphous, density 2.0 g/cm3)                                   

Kinetic   Electron. Nuclear   Total     
Energy    Stp. Pow. Stp. Pow. Stp. Pow. 
MeV       MeV cm2/g MeV cm2/g MeV cm2/g 

1.000E-03 1.384E+02 2.514E+01 1.635E+02 
1.500E-03 1.695E+02 2.106E+01 1.905E+02 
2.000E-03 1.957E+02 1.829E+01 2.140E+02 
2.500E-03 2.188E+02 1.625E+01 2.351E+02 
3.000E-03 2.397E+02 1.469E+01 2.544E+02 
4.000E-03 2.702E+02 1.241E+01 2.826E+02 
5.000E-03 2.978E+02 1.081E+01 3.086E+02 
6.000E-03 3.227E+02 9.618E+00 3.323E+02 
7.000E-03 3.454E+02 8.690E+00 3.541E+02 
8.000E-03 3.651E+02 7.943E+00 3.730E+02 
9.000E-03 3.826E+02 7.328E+00 3.899E+02 
1.000E-02 3.987E+02 6.810E+00 4.055E+02 
1.250E-02 4.335E+02 5.814E+00 4.393E+02 
1.500E-02 4.624E+02 5.094E+00 4.675E+02 
1.750E-02 4.874E+02 4.547E+00 4.920E+02 
2.000E-02 5.099E+02 4.115E+00 5.140E+02 
2.250E-02 5.300E+02 3.765E+00 5.337E+02 
2.500E-02 5.477E+02 3.475E+00 5.512E+02 
2.750E-02 5.634E+02 3.229E+00 5.667E+02 
3.000E-02 5.776E+02 3.019E+00 5.806E+02 
3.500E-02 6.039E+02 2.678E+00 6.065E+02 
4.000E-02 6.283E+02 2.411E+00 6.307E+02 
4.500E-02 6.501E+02 2.196E+00 6.523E+02 
5.000E-02 6.686E+02 2.019E+00 6.706E+02 
5.500E-02 6.835E+02 1.870E+00 6.854E+02 
6.000E-02 6.953E+02 1.744E+00 6.971E+02 
6.500E-02 7.045E+02 1.634E+00 7.062E+02 
7.000E-02 7.114E+02 1.539E+00 7.130E+02 
7.500E-02 7.163E+02 1.455E+00 7.178E+02 
8.000E-02 7.194E+02 1.380E+00 7.208E+02 
8.500E-02 7.208E+02 1.313E+00 7.222E+02 
9.000E-02 7.209E+02 1.253E+00 7.221E+02 
9.500E-02 7.197E+02 1.199E+00 7.209E+02 
1.000E-01 7.174E+02 1.149E+00 7.186E+02 
1.250E-01 6.945E+02 9.548E-01 6.954E+02 
1.500E-01 6.611E+02 8.200E-01 6.619E+02 
1.750E-01 6.247E+02 7.204E-01 6.254E+02 
2.000E-01 5.891E+02 6.436E-01 5.898E+02 
2.250E-01 5.560E+02 5.825E-01 5.566E+02 
2.500E-01 5.260E+02 5.326E-01 5.265E+02 
2.750E-01 4.991E+02 4.911E-01 4.996E+02 
3.000E-01 4.750E+02 4.559E-01 4.754E+02 
3.500E-01 4.358E+02 3.995E-01 4.362E+02 
4.000E-01 4.044E+02 3.561E-01 4.048E+02 
4.500E-01 3.779E+02 3.217E-01 3.782E+02 
5.000E-01 3.546E+02 2.937E-01 3.549E+02 
5.500E-01 3.340E+02 2.704E-01 3.343E+02 
6.000E-01 3.159E+02 2.505E-01 3.161E+02 
6.500E-01 3.002E+02 2.335E-01 3.004E+02 
7.000E-01 2.862E+02 2.187E-01 2.864E+02 
7.500E-01 2.737E+02 2.058E-01 2.739E+02 
8.000E-01 2.624E+02 1.943E-01 2.626E+02 
8.500E-01 2.522E+02 1.842E-01 2.523E+02 
9.000E-01 2.427E+02 1.750E-01 2.429E+02 
9.500E-01 2.341E+02 1.668E-01 2.342E+02 
1.000E+00 2.261E+02 1.594E-01 2.263E+02 
1.250E+00 1.942E+02 1.305E-01 1.943E+02 
1.500E+00 1.711E+02 1.108E-01 1.712E+02 
1.750E+00 1.534E+02 9.640E-02 1.535E+02 
2.000E+00 1.394E+02 8.541E-02 1.395E+02 
2.250E+00 1.280E+02 7.674E-02 1.281E+02 
2.500E+00 1.185E+02 6.971E-02 1.186E+02 
2.750E+00 1.104E+02 6.390E-02 1.105E+02 
3.000E+00 1.035E+02 5.901E-02 1.036E+02 
3.500E+00 9.218E+01 5.122E-02 9.223E+01 
4.000E+00 8.326E+01 4.529E-02 8.330E+01 
4.500E+00 7.606E+01 4.063E-02 7.610E+01 
5.000E+00 7.010E+01 3.685E-02 7.014E+01 
5.500E+00 6.509E+01 3.373E-02 6.512E+01 
6.000E+00 6.081E+01 3.112E-02 6.084E+01 
6.500E+00 5.710E+01 2.888E-02 5.713E+01 
7.000E+00 5.386E+01 2.696E-02 5.388E+01 
7.500E+00 5.099E+01 2.528E-02 5.102E+01 
8.000E+00 4.845E+01 2.380E-02 4.847E+01 
8.500E+00 4.617E+01 2.249E-02 4.620E+01 
9.000E+00 4.411E+01 2.132E-02 4.414E+01 
9.500E+00 4.225E+01 2.027E-02 4.227E+01 
1.000E+01 4.055E+01 1.932E-02 4.057E+01 
1.250E+01 3.389E+01 1.567E-02 3.391E+01 
1.500E+01 2.925E+01 1.320E-02 2.926E+01 
1.750E+01 2.582E+01 1.141E-02 2.583E+01 
2.000E+01 2.317E+01 1.006E-02 2.318E+01 
2.500E+01 1.933E+01 8.149E-03 1.934E+01 
2.750E+01 1.790E+01 7.446E-03 1.791E+01 
3.000E+01 1.668E+01 6.858E-03 1.669E+01 
3.500E+01 1.473E+01 5.926E-03 1.474E+01 
4.000E+01 1.323E+01 5.221E-03 1.324E+01 
4.500E+01 1.204E+01 4.669E-03 1.205E+01 
5.000E+01 1.107E+01 4.225E-03 1.108E+01 
5.500E+01 1.027E+01 3.859E-03 1.027E+01 
6.000E+01 9.591E+00 3.553E-03 9.595E+00 
6.500E+01 9.010E+00 3.293E-03 9.013E+00 
7.000E+01 8.506E+00 3.069E-03 8.509E+00 
7.500E+01 8.065E+00 2.874E-03 8.068E+00 
8.000E+01 7.675E+00 2.703E-03 7.678E+00 
8.500E+01 7.329E+00 2.551E-03 7.331E+00 
9.000E+01 7.019E+00 2.416E-03 7.021E+00 
9.500E+01 6.739E+00 2.295E-03 6.742E+00 
1.000E+02 6.486E+00 2.186E-03 6.488E+00 
1.250E+02 5.509E+00 1.768E-03 5.511E+00 
1.500E+02 4.844E+00 1.486E-03 4.845E+00 
1.750E+02 4.360E+00 1.283E-03 4.362E+00 
2.000E+02 3.994E+00 1.130E-03 3.995E+00 
2.250E+02 3.706E+00 1.010E-03 3.707E+00 
2.500E+02 3.475E+00 9.141E-04 3.475E+00 
2.750E+02 3.284E+00 8.349E-04 3.285E+00 
3.000E+02 3.125E+00 7.686E-04 3.126E+00 
3.500E+02 2.875E+00 6.638E-04 2.875E+00 
4.000E+02 2.687E+00 5.847E-04 2.688E+00 
4.500E+02 2.542E+00 5.228E-04 2.542E+00 
5.000E+02 2.426E+00 4.730E-04 2.427E+00 
5.500E+02 2.333E+00 4.321E-04 2.333E+00 
6.000E+02 2.256E+00 3.979E-04 2.256E+00 
6.500E+02 2.191E+00 3.688E-04 2.192E+00 
7.000E+02 2.137E+00 3.438E-04 2.137E+00 
7.500E+02 2.091E+00 3.220E-04 2.091E+00 
8.000E+02 2.051E+00 3.029E-04 2.051E+00 
8.500E+02 2.016E+00 2.860E-04 2.016E+00 
9.000E+02 1.986E+00 2.710E-04 1.986E+00 
9.500E+02 1.960E+00 2.575E-04 1.960E+00 
1.000E+03 1.937E+00 2.453E-04 1.937E+00 
1.500E+03 1.807E+00 1.672E-04 1.808E+00 
2.000E+03 1.763E+00 1.275E-04 1.763E+00 
2.500E+03 1.748E+00 1.034E-04 1.748E+00 
3.000E+03 1.746E+00 8.710E-05 1.746E+00 
4.000E+03 1.759E+00 6.650E-05 1.759E+00 
5.000E+03 1.778E+00 5.395E-05 1.778E+00 
6.000E+03 1.799E+00 4.548E-05 1.799E+00 
7.000E+03 1.819E+00 3.937E-05 1.819E+00 
8.000E+03 1.837E+00 3.474E-05 1.837E+00 
9.000E+03 1.855E+00 3.112E-05 1.855E+00 
1.000E+04 1.871E+00 2.820E-05 1.871E+00 

